31.5905
98.57149999999999
138.231
42.9905
19.240499999999997
23.040499999999998
646.481
33.4905
38.2405
38.2405
80.9905
61.9905
214.4715
17.3405
38.2405
99.9905
28.740499999999997
38.2405
60.330999999999996
223.4905
85.7405
24.940499999999997
674.981
180.7405
1569.8929999999998
14.490499999999999
45.131
47.980999999999995
32.540499999999994
90.4905
38.2405
80.9905
42.9905
83.3715
140.3715
71.4905
118.99049999999998
175.9905
23.990499999999997
26.8405
1255.924
76.2405
57.480999999999995
44.8905
118.99049999999998
185.9715
23.990499999999997
218.981
703.962
57.2405
1334.9904999999999
166.4905
128.4905
128.4905
23.904999999999998
29.690499999999997
80.9905
38.2405
577.143
475.96199999999993
23.990499999999997
337.4905
172.19050000000001
42.9905
23.040499999999998
40.1405
166.4905
28.740499999999997
37.2905
133.481
175.9905
90.4905
44.8905
99.9905
1283.462
33.4905
28.740499999999997
102.85249999999999
33.4905
85.981
38.2405
23.990499999999997
223.9715
57.2405
123.74049999999998
52.730999999999995
42.9905
38.2405
23.990499999999997
38.2405
33.4905
67.931
38.2405
42.9905
159.612
57.2405
23.990499999999997
28.740499999999997
36.3405
61.9905
294.981
21.1405
232.9905
128.4905
31.5905
28.740499999999997
44.8905
175.9905
37.2905
185.4905
33.4905
