31.5905
99.9905
147.4905
36.3405
104.7405
47.7405
17.3405
33.4905
26.8405
21.1405
194.9905
99.9905
194.9905
118.99049999999998
109.4905
16.3905
28.740499999999997
694.2215
1075.424
40.1405
57.2405
100.47149999999999
32.540499999999994
42.9905
560.981
22.0905
17.3405
28.740499999999997
26.8405
27.790499999999998
28.740499999999997
65.08099999999999
175.9905
23.990499999999997
242.4905
146.31199999999998
23.990499999999997
313.981
23.990499999999997
32.540499999999994
29.690499999999997
1598.886
33.4905
33.730999999999995
467.1835
251.9905
171.2405
14.490499999999999
47.7405
273.8405
20.1905
228.48099999999997
954.9905
32.540499999999994
45.131
61.9905
38.2405
23.990499999999997
71.4905
23.990499999999997
47.7405
33.4905
38.2405
47.7405
294.981
99.9905
23.990499999999997
615.636
532.962
60.0905
147.4905
66.7405
124.22149999999999
99.9905
954.9905
52.4905
118.99049999999998
27.081
77.6715
42.9905
40.1405
10.6905
38.2405
47.980999999999995
289.9905
104.981
136.331
