28.75
20.1905
25.890499999999996
38.2405
147.262
90.731
36.3405
1382.4904999999999
21.1405
33.4905
50.5905
41.330999999999996
194.28099999999998
18.2905
28.740499999999997
31.5905
76.481
57.2405
90.731
42.0405
35.390499999999996
313.981
171.7215
22.0905
23.990499999999997
627.481
47.7405
2957.6264999999994
147.4905
76.481
23.040499999999998
205.21199999999996
71.4905
26.8405
64.3715
49.881
49.6405
27.790499999999998
44.181
175.9905
448.17150000000004
479.9905
304.962
19.240499999999997
88.59049999999999
28.740499999999997
574.9905
31.5905
42.9905
203.781
162.2215
115.91199999999999
76.481
18.2905
42.9905
84.56199999999998
105.22149999999999
