109.4905
23.990499999999997
38.2405
47.7405
47.7405
52.4905
194.9905
80.9905
26.8405
57.2405
339.162
220.6405
345.5715
38.2405
177.18099999999998
24.940499999999997
21.1405
42.9905
242.9715
66.7405
99.9905
28.740499999999997
87.64049999999999
636.981
168.40249999999997
40.1405
75.53099999999999
51.5405
432.4905
38.2405
361.2405
61.9905
23.990499999999997
17.3405
90.4905
45.131
104.981
33.4905
23.990499999999997
21.1405
20.1905
56.53099999999999
26.8405
66.981
954.9905
25.890499999999996
57.2405
76.2405
76.2405
113.06199999999998
33.4905
71.4905
52.4905
51.5405
119.71199999999999
42.9905
128.4905
85.981
74.581
632.9525
19.240499999999997
51.78099999999999
450.5405
348.9145
280.4905
209.962
147.4905
1013.662
128.4905
80.9905
44.8905
118.99049999999998
41.0905
66.7405
61.9905
100.47149999999999
19.240499999999997
38.2405
28.740499999999997
61.9905
226.581
42.9905
23.990499999999997
90.4905
