61.9905
38.2405
182.6405
61.9905
65.3215
117.57149999999999
80.9905
316.12149999999997
85.981
100.47149999999999
294.981
42.9905
23.990499999999997
98.5715
38.2405
717.731
128.4905
180.981
28.740499999999997
23.040499999999998
71.4905
23.990499999999997
28.740499999999997
38.2405
109.4905
42.9905
656.943
294.981
268.38100000000003
147.4905
28.740499999999997
23.990499999999997
26.8405
90.4905
23.990499999999997
52.4905
175.9905
57.2405
14.490499999999999
177.4335
123.981
42.9905
28.740499999999997
296.6405
59.381
56.2905
52.4905
44.8905
74.581
33.4905
142.7405
27.790499999999998
128.4905
23.990499999999997
61.281
199.981
31.5905
1719.981
72.681
446.7405
85.7405
28.740499999999997
76.481
198.56199999999998
54.631
147.4905
361.962
128.4905
66.981
97.62149999999998
71.4905
23.990499999999997
17.3405
80.9905
19.240499999999997
270.9905
28.740499999999997
90.4905
859.9905
332.981
42.9905
717.4905
37.2905
115.44299999999998
76.481
118.99049999999998
27.790499999999998
42.9905
71.4905
289.9905
166.4905
60.330999999999996
950.481
66.981
57.2405
17.3405
52.4905
302.124
33.4905
34.681
38.2405
79.33099999999999
190.481
147.731
5.95
38.2405
56.53099999999999
95.2405
33.4905
308.9905
135.38099999999997
