35.390499999999996
33.4905
90.4905
1097.4904999999999
38.2405
17.3405
52.4905
61.9905
61.9905
34.681
36.3405
389.981
42.9905
484.981
109.4905
71.4905
194.9905
13.5405
61.9905
156.9905
959.981
30.881
109.4905
66.981
38.2405
128.4905
798.7215
427.981
38.480999999999995
323.481
42.9905
147.4905
59.140499999999996
353.412
289.9905
80.9905
52.4905
280.4905
28.740499999999997
22.0905
66.981
566.212
64.131
98.33099999999999
38.2405
88.83099999999999
57.2405
23.990499999999997
47.7405
289.9905
128.4905
275.981
71.4905
910.593
38.2405
76.2405
532.962
38.2405
155.1025
57.2405
99.9905
90.4905
33.4905
30.640499999999996
24.940499999999997
47.980999999999995
194.9905
769.981
40.1405
19.240499999999997
194.9905
175.9905
42.9905
66.981
869.9715
19.240499999999997
14.490499999999999
143.7025
57.2405
33.4905
41.0905
18.2905
921.981
166.4905
28.740499999999997
157.4715
33.4905
313.981
176.0025
23.990499999999997
