145.831
7415.772
57.2405
57.2405
13.5405
52.4905
19.240499999999997
52.4905
33.4905
84.32149999999999
118.2905
118.99049999999998
17.3405
28.740499999999997
33.4905
42.9905
36.3405
27.790499999999998
175.9905
175.9905
231.331
42.9905
23.040499999999998
447.7025
133.962
574.9905
115.6715
97.14049999999999
289.9905
1028.6335
26.8405
1591.5
42.9905
90.4905
13.5405
21.1405
18.2905
61.9905
118.99049999999998
185.9715
812.4905
26.8405
67.69049999999999
1085.1644999999999
61.9905
213.0525
130.63099999999997
31.5905
23.990499999999997
155.0905
66.7405
21.1405
28.740499999999997
122.08099999999999
28.740499999999997
328.231
31.5905
58.431
404.4715
237.98099999999997
47.7405
23.990499999999997
114.481
342.2405
94.7715
394.4905
61.9905
632.736
172.19050000000001
313.981
669.9905
147.4905
34.681
22.0905
252.4715
142.981
66.7405
34.681
118.99049999999998
61.9905
33.4905
18.2905
19.240499999999997
162.2215
21.1405
19.240499999999997
256.981
33.4905
384.9905
470.4905
80.9905
139.42149999999998
88.59049999999999
42.281
