21.1405
128.4905
44.8905
23.040499999999998
57.2405
44.8905
26.8405
80.9905
154.15249999999997
33.4905
33.4905
23.990499999999997
44.8905
133.2405
30.640499999999996
99.9905
22.0905
85.7405
35.631
42.9905
470.4905
61.9905
859.9905
57.2405
33.4905
10.6905
305.2025
33.4905
90.4905
30.640499999999996
19.240499999999997
23.990499999999997
33.4905
49.88099999999999
23.990499999999997
28.740499999999997
28.740499999999997
161.7405
65.562
28.980999999999998
47.7405
61.9905
441.9905
99.9905
28.740499999999997
33.4905
38.2405
50.830999999999996
36.3405
270.9905
119.0025
194.0405
56.2905
128.4905
380.481
118.99049999999998
19.240499999999997
123.981
128.4905
33.4905
524.905
741.962
69.59049999999999
698.731
38.2405
897.9905
46.7905
80.9905
319.4525
38.2405
365.9905
33.4905
1103.924
14.490499999999999
20.1905
33.4905
62.230999999999995
99.9905
49.881
109.731
33.4905
47.7405
42.9905
33.4905
33.4905
114.24049999999998
80.5215
44.181
36.3405
200.2215
38.2405
38.2405
99.9905
142.7405
22.0905
669.9905
175.9905
