33.4905
27.790499999999998
118.99049999999998
1002.4905
17.3405
28.740499999999997
133.962
47.980999999999995
270.9905
80.9905
66.981
80.9905
19.240499999999997
23.990499999999997
64.84049999999999
33.4905
42.9905
23.990499999999997
113.53099999999999
76.2405
275.981
19.240499999999997
52.4905
84.32149999999999
318.731
280.4905
99.9905
114.481
99.9905
71.731
22.0905
175.9905
47.7405
85.981
47.7405
33.4905
180.7405
218.031
23.040499999999998
27.790499999999998
38.2405
47.980999999999995
54.631
26.8405
128.4905
71.731
229.44299999999998
257.2215
27.790499999999998
88.59049999999999
92.8715
43.230999999999995
99.9905
92.39049999999999
33.4905
63.181
242.4905
19.240499999999997
1315.786
175.9905
14.490499999999999
61.9905
25.890499999999996
33.4905
66.981
99.9905
