111.631
33.4905
30.640499999999996
52.4905
40.381
30.640499999999996
71.4905
19.240499999999997
31.5905
61.28099999999999
351.981
194.9905
42.28099999999999
50.5905
47.7405
128.731
54.3905
36.580999999999996
42.9905
137.9905
123.981
22.0905
233.4715
36.3405
171.2405
99.9905
42.9905
28.740499999999997
21.1405
674.981
23.990499999999997
152.7215
256.981
63.421499999999995
33.4905
1477.198
256.981
25.890499999999996
23.990499999999997
31.5905
36.3405
26.8405
215.8905
531.68
175.9905
180.981
527.4905
53.681
14.490499999999999
76.72149999999999
66.7405
19.240499999999997
37.2905
61.9905
26.8405
161.981
428.462
33.4905
90.4905
90.4905
23.040499999999998
38.2405
61.9905
171.481
105.22149999999999
67.69049999999999
80.9905
181.2215
622.4905
90.4905
80.9905
66.981
42.28099999999999
33.4905
