71.4905
166.4905
85.7405
28.740499999999997
327.9905
183.1215
83.131
42.9905
194.9905
1287.4904999999999
247.2405
198.081
459.812
242.4905
46.080999999999996
90.4905
47.7405
28.740499999999997
42.9905
22.0905
893.962
71.4905
22.0905
104.981
33.4905
293.32149999999996
38.2405
130.8715
36.3405
38.2405
32.540499999999994
166.4905
63.181
31.831000000000003
57.2405
20.1905
68.1715
194.9905
37.2905
25.890499999999996
194.9905
22.0905
19.240499999999997
23.990499999999997
129.68099999999998
33.4905
28.740499999999997
22.0905
66.03099999999999
208.06199999999998
15.4405
