176.4715
31.5905
76.481
56.2905
23.990499999999997
1339.981
22.0905
104.981
28.740499999999997
55.580999999999996
66.7405
85.981
30.640499999999996
229.44299999999998
817.962
118.99049999999998
61.9905
20.1905
47.980999999999995
27.790499999999998
44.8905
356.97149999999993
932.443
731.981
38.2405
61.9905
38.2405
209.481
61.9905
149.8715
108.312
24.230999999999998
23.990499999999997
30.640499999999996
28.740499999999997
354.83099999999996
101.66199999999999
57.2405
96.19049999999999
356.97149999999993
17.3405
242.4905
38.2405
30.640499999999996
147.4905
52.4905
859.9905
57.2405
38.2405
28.740499999999997
1031.0145
327.9905
74.82149999999999
180.981
147.4905
161.35
33.4905
66.7405
28.740499999999997
28.740499999999997
81.231
280.9715
88.83099999999999
40.381
166.4905
437.2405
14.490499999999999
