128.9715
34.681
38.2405
23.040499999999998
23.990499999999997
80.9905
180.7405
55.580999999999996
53.921499999999995
247.481
26.8405
57.2405
47.7405
38.2405
194.9905
147.0215
56.2905
33.4905
40.1405
27.790499999999998
99.9905
52.4905
57.2405
280.4905
23.990499999999997
164.5905
52.4905
180.7405
33.4905
147.4905
270.9905
242.4905
348.662
232.9905
28.740499999999997
160.081
27.790499999999998
66.7405
97.14049999999999
49.881
32.540499999999994
231.331
33.4905
48.931
118.99049999999998
199.981
130.631
161.981
23.990499999999997
76.2405
71.731
637.6904999999999
47.7405
58.431
150.581
47.7405
109.0215
85.7405
137.9905
63.181
38.2405
90.4905
57.2405
26.8405
49.6405
18.2905
21.1405
247.962
22.0905
80.9905
31.5905
29.690499999999997
33.4905
37.2905
27.790499999999998
17.3405
52.730999999999995
188.581
80.52149999999999
23.990499999999997
41.0905
199.981
97.14049999999999
76.2405
61.9905
162.2215
33.4905
118.99049999999998
44.181
