251.9905
36.3405
33.4905
17.3405
261.4905
41.0905
61.9905
209.2405
23.990499999999997
147.4905
22.0905
223.4905
38.2405
40.381
24.940499999999997
52.4905
21.1405
270.9905
156.9905
33.4905
104.981
66.981
61.9905
28.740499999999997
118.99049999999998
23.040499999999998
54.631
81.231
28.740499999999997
137.9905
17.3405
38.2405
61.9905
118.99049999999998
33.4905
26.8405
518.231
33.4905
142.7405
57.2405
30.640499999999996
23.990499999999997
31.5905
33.4905
28.740499999999997
42.9905
23.040499999999998
105.22149999999999
85.7405
123.981
66.981
19.240499999999997
31.5905
38.2405
26.8405
18.2905
38.2405
23.990499999999997
23.990499999999997
280.4905
38.2405
42.9905
80.9905
