209.481
28.740499999999997
23.990499999999997
14.490499999999999
856.443
608.481
627.962
80.9905
137.9905
66.981
23.040499999999998
61.9905
194.9905
61.9905
153.43099999999998
28.740499999999997
74.58099999999999
1056.6645
90.4905
66.981
57.2405
60.330999999999996
118.99049999999998
175.9905
99.9905
90.4905
33.4905
19.240499999999997
28.740499999999997
28.740499999999997
354.5905
31.5905
42.9905
33.4905
66.981
42.9905
52.4905
23.040499999999998
61.9905
261.4905
223.4905
80.9905
17.3405
101.181
599.2215
85.7405
270.9905
213.9905
128.4905
700.162
128.4905
34.681
33.4905
33.731
44.181
33.4905
31.5905
332.981
28.740499999999997
38.2405
17.3405
44.181
20.1905
