63.181
23.990499999999997
156.9905
42.9905
34.681
38.2405
36.3405
62.230999999999995
114.481
28.740499999999997
59.140499999999996
22.0905
599.462
79.57149999999999
42.9905
26.8405
25.890499999999996
1144.9904999999999
1339.981
290.0
109.4905
21.1405
71.4905
584.9715
23.990499999999997
80.9905
40.1405
38.2405
139.18099999999998
175.9905
38.2405
42.9905
669.9905
33.4905
14.490499999999999
47.7405
57.2405
128.4905
23.040499999999998
52.4905
32.781
42.9905
29.690499999999997
60.330999999999996
36.3405
23.990499999999997
42.9905
61.9905
71.4905
104.7405
90.4905
42.281
136.0905
39.1905
80.9905
61.9905
36.581
104.7405
33.4905
128.4905
180.7405
180.981
337.4905
23.990499999999997
28.740499999999997
42.9905
137.9905
185.4905
19.240499999999997
33.4905
87.881
68.1715
726.9905
546.9715
23.990499999999997
126.1215
56.2905
1239.9904999999999
38.2405
23.990499999999997
33.4905
493.7715
28.740499999999997
33.4905
17.3405
28.740499999999997
85.2715
42.9905
17.3405
46.080999999999996
175.9905
371.7025
318.9715
26.8405
123.981
16.3905
90.4905
370.981
27.790499999999998
38.2405
52.4905
28.740499999999997
42.9905
44.8905
23.040499999999998
166.4905
21.1405
42.9905
112.34049999999999
204.4905
