66.7405
147.4905
16.3905
19.240499999999997
14.490499999999999
72.681
99.9905
271.4715
57.2405
34.681
38.2405
23.990499999999997
28.740499999999997
44.8905
270.9905
125.64049999999999
21.1405
47.980999999999995
85.981
16.3905
71.4905
166.4905
61.9905
329.8905
113.7715
71.4905
108.5405
71.4905
128.4905
118.99049999999998
578.562
32.540499999999994
81.231
171.2405
100.0
93.581
332.981
67.69049999999999
221.5905
40.1405
14.490499999999999
19.240499999999997
54.3905
23.990499999999997
175.9905
61.9905
15.4405
90.4905
