42.9905
383.09049999999996
327.9905
117.33099999999999
71.4905
52.4905
99.9905
126.362
71.4905
19.240499999999997
42.9905
19.240499999999997
137.9905
38.2405
27.790499999999998
28.740499999999997
84.08099999999999
33.4905
329.18100000000004
28.740499999999997
514.2025
45.131
88.1215
27.790499999999998
23.990499999999997
793.4905
147.4905
157.231
214.4715
66.981
21.1405
28.740499999999997
28.740499999999997
90.4905
19.240499999999997
23.990499999999997
38.2405
61.9905
28.740499999999997
216.131
270.9905
33.4905
42.9905
33.4905
57.2405
19.240499999999997
203.805
33.4905
26.8405
50.5905
80.9905
166.4905
34.681
67.69049999999999
156.9905
384.9905
28.740499999999997
21.1405
452.212
90.97149999999999
52.4905
25.890499999999996
33.4905
16.3905
33.4905
62.230999999999995
19.240499999999997
38.2405
64.84049999999999
292.143
171.2405
42.0405
38.2405
60.0905
23.040499999999998
90.4905
57.2405
80.9905
118.99049999999998
131.581
22.0905
556.4715
384.9905
38.480999999999995
19.240499999999997
19.240499999999997
74.58099999999999
28.740499999999997
959.981
23.990499999999997
28.740499999999997
22.0905
38.2405
26.8405
42.9905
28.740499999999997
244.3905
26.8405
