59.381
23.990499999999997
28.740499999999997
23.040499999999998
16.3905
859.9905
17.3405
185.4905
38.2405
71.4905
14.490499999999999
71.97149999999999
33.4905
42.281
22.0905
104.981
232.9905
42.9905
973.5455
47.7405
47.7405
66.981
76.2405
185.9715
76.481
38.2405
28.740499999999997
18.2905
47.7405
347.4715
19.240499999999997
574.9905
198.81449999999998
33.4905
76.481
81.231
80.9905
33.4905
118.28099999999999
133.012
109.4905
61.9905
423.4715
19.240499999999997
77.431
337.4905
133.481
764.9905
289.9905
52.021499999999996
18.2905
147.4905
36.3405
105.46199999999999
52.4905
266.481
61.9905
10.6905
147.9715
52.4905
156.9905
33.4905
118.99049999999998
750.7405
19.240499999999997
116.862
47.7405
109.0215
38.2405
564.312
90.02149999999999
33.4905
366.4715
175.0405
499.4715
33.4905
117.81199999999998
175.9905
579.981
228.2405
111.16199999999999
18.2905
28.740499999999997
98.33099999999999
318.4905
42.9905
26.8405
71.731
30.640499999999996
57.2405
137.9905
204.4905
51.5405
147.4905
33.4905
20.1905
28.980999999999998
118.99049999999998
74.581
66.981
375.9715
17.3405
1838.993
361.481
23.990499999999997
22.0905
42.0405
596.1405
52.4905
2136.4055
33.4905
57.2405
42.0405
42.9905
28.740499999999997
21.1405
1714.9904999999999
109.262
143.2215
90.4905
40.1405
42.9905
171.2405
251.9905
143.2215
83.3715
90.4905
28.740499999999997
166.4905
514.443
66.981
42.9905
298.0715
2094.9905
33.4905
