47.7405
80.9905
71.4905
145.831
542.943
52.4905
99.9905
17.3405
669.9905
278.37399999999997
29.690499999999997
27.790499999999998
33.4905
93.58099999999999
119.231
156.9905
19.240499999999997
36.3405
14.490499999999999
66.7405
232.5335
954.9905
174.5715
137.9905
99.9905
29.690499999999997
249.1405
92.63099999999999
28.740499999999997
333.6905
299.4905
42.0405
124.69049999999999
118.99049999999998
33.4905
123.74049999999998
26.8405
741.962
36.3405
122.56199999999998
99.9905
28.740499999999997
30.640499999999996
109.97149999999999
694.2215
38.2405
270.9905
17.3405
38.2405
166.0215
522.981
163.17149999999998
70.78099999999999
23.040499999999998
23.990499999999997
139.18099999999998
42.9905
18.2905
152.962
16.3905
508.4905
33.4905
408.679
57.2405
66.7405
62.230999999999995
42.9905
118.99049999999998
33.4905
80.9905
199.76449999999997
22.0905
194.9905
21.1405
80.9905
90.4905
73.631
118.99049999999998
31.5905
118.99049999999998
107.362
33.4905
