100.47149999999999
156.9905
19.240499999999997
76.2405
418.7215
81.231
28.740499999999997
33.4905
28.740499999999997
71.4905
128.4905
118.99049999999998
28.740499999999997
225.40249999999997
42.9905
21.1405
265.7835
137.9905
21.1405
26.8405
84.081
33.4905
19.240499999999997
371.943
23.990499999999997
39.1905
61.9905
983.262
185.262
954.9905
66.7405
80.281
50.5905
175.9905
61.9905
237.98099999999997
23.990499999999997
28.75
70.781
954.9905
49.171499999999995
66.981
19.240499999999997
28.980999999999998
323.7215
371.22149999999993
42.9905
33.4905
23.990499999999997
475.96199999999993
17.3405
137.9905
42.9905
368.37149999999997
57.72149999999999
39.1905
33.4905
57.480999999999995
52.4905
332.981
166.4905
26.8405
750.7405
25.890499999999996
739.581
44.8905
19.240499999999997
17.3405
46.080999999999996
157.712
61.9905
44.8905
17.3405
735.312
