14.490499999999999
71.4905
23.990499999999997
28.740499999999997
22.0905
28.740499999999997
57.2405
42.9905
33.4905
14.490499999999999
156.9905
22.0905
17.3405
389.981
42.9905
36.3405
441.9905
87.881
90.4905
45.131
99.9905
26.8405
727.4715
650.9905
38.2405
33.4905
61.9905
47.980999999999995
118.99049999999998
61.9905
118.99049999999998
47.7405
25.180999999999997
85.981
685.4429999999999
451.731
33.4905
280.731
118.99049999999998
99.52149999999999
302.8215
264.112
38.2405
57.480999999999995
270.9905
589.962
38.2405
21.1405
185.4905
73.162
175.9905
66.981
18.2905
52.4905
