119.47149999999999
20.1905
147.4905
527.4905
418.481
71.4905
37.2905
1082.2905
28.740499999999997
451.0215
17.3405
114.24049999999998
332.981
361.481
418.481
63.421499999999995
28.740499999999997
177.18099999999998
99.9905
78.381
19.240499999999997
332.981
22.0905
38.2405
180.7405
38.2405
41.331
45.8405
17.3405
46.080999999999996
859.9905
94.77149999999999
156.9905
199.981
332.981
242.4905
142.981
44.181
85.981
47.7405
33.4905
39.1905
33.4905
161.981
27.790499999999998
81.47149999999999
20.1905
46.080999999999996
95.72149999999999
161.981
28.740499999999997
38.2405
38.2405
33.4905
61.281
20.1905
36.3405
198.081
21.1405
26.8405
23.990499999999997
61.9905
199.981
21.1405
289.9905
484.981
26.8405
17.3405
