128.4905
99.9905
99.9905
99.9905
42.9905
66.7405
14.490499999999999
99.9905
175.9905
61.9905
380.012
99.9905
66.981
21.1405
52.4905
58.431
118.99049999999998
155.0905
18.2905
38.480999999999995
85.981
144.88099999999997
57.2405
23.990499999999997
289.9905
33.4905
26.8405
33.4905
201.881
66.981
23.990499999999997
384.9905
18.2905
99.9905
52.4905
468.831
16.3905
19.240499999999997
19.240499999999997
23.040499999999998
38.2405
128.731
50.5905
1524.9904999999999
74.82149999999999
80.9905
206.88349999999997
146.5405
123.2835
156.9905
30.640499999999996
42.9905
123.27149999999999
152.2405
22.0905
28.740499999999997
33.4905
22.0905
118.99049999999998
44.8905
1445.924
124.22149999999999
194.9905
147.4905
28.740499999999997
17.3405
371.22149999999993
34.681
89.07149999999999
80.9905
26.8405
33.4905
38.2405
442.4715
14.490499999999999
428.474
156.9905
213.9905
190.7215
1087.9904999999999
1909.981
14.490499999999999
40.1405
347.4715
23.990499999999997
38.2405
181.462
147.4905
189.531
71.97149999999999
33.4905
81.231
23.990499999999997
40.1405
27.790499999999998
117.33099999999999
99.9905
81.94049999999999
375.4905
218.7405
1045.481
185.9715
118.99049999999998
347.243
445.562
74.34049999999999
26.8405
80.9905
90.4905
53.681
23.990499999999997
26.8405
26.8405
23.990499999999997
26.8405
57.480999999999995
32.781
158.9025
385.4715
261.9715
30.640499999999996
204.731
242.4905
33.4905
42.9905
71.4905
384.9905
237.98099999999997
56.531
47.980999999999995
42.9905
26.8405
57.2405
42.9905
33.4905
149.4025
23.904999999999998
18.2905
176.231
288.34299999999996
33.4905
224.69299999999998
42.9905
23.904999999999998
66.981
66.981
28.740499999999997
650.9905
