104.7405
104.981
33.4905
17.3405
47.980999999999995
28.740499999999997
71.4905
294.981
665.7215
38.2405
38.2405
33.4905
71.4905
26.8405
44.8905
31.5905
33.4905
182.90500000000003
185.4905
42.9905
24.940499999999997
90.4905
570.012
1149.981
180.981
111.16199999999999
323.9715
21.1405
427.981
42.9905
80.9905
270.9905
27.790499999999998
25.890499999999996
17.3405
76.481
117.57149999999999
76.2405
88.1215
38.2405
76.481
42.9905
42.9905
28.740499999999997
30.640499999999996
66.981
61.0405
28.740499999999997
