17.3405
123.512
14.490499999999999
76.72149999999999
30.640499999999996
17.3405
579.981
95.481
318.4905
513.962
76.481
23.990499999999997
69.83099999999999
33.4905
323.481
305.912
71.4905
52.4905
52.4905
38.2405
38.2405
93.82149999999999
53.681
33.4905
23.990499999999997
61.9905
41.0905
27.081
29.690499999999997
65.3215
96.2025
53.921499999999995
55.580999999999996
77.912
366.4715
1022.4645
23.990499999999997
57.2405
143.93099999999998
479.9905
123.981
99.9905
38.2405
305.924
44.8905
12.590499999999999
33.4905
61.9905
188.8215
212.331
337.4905
161.7405
508.9715
71.731
431.781
42.9905
36.3405
152.481
33.4905
160.081
21.1405
187.162
119.47149999999999
456.96199999999993
18.2905
232.0405
52.4905
61.9905
57.2405
128.4905
270.9905
19.240499999999997
30.881
14.490499999999999
141.081
75.53099999999999
859.9905
294.981
16.3905
52.4905
389.981
33.4905
73.631
1358.7404999999999
51.5405
54.8715
194.9905
33.4905
27.081
85.031
47.7405
213.9905
114.72149999999999
23.990499999999997
22.0905
112.581
27.790499999999998
33.4905
33.4905
52.4905
12.590499999999999
1748.7215
23.990499999999997
76.2405
80.9905
14.490499999999999
20.1905
18.2905
59.6215
23.990499999999997
97.6215
194.9905
90.02149999999999
132.7715
156.9905
722.481
185.4905
29.690499999999997
52.4905
23.990499999999997
36.580999999999996
23.040499999999998
38.2405
71.731
66.981
1334.9904999999999
61.9905
194.9905
19.240499999999997
222.781
90.0215
166.4905
33.4905
333.2215
205.69299999999998
250.0905
34.4405
289.9905
99.9905
156.9905
90.4905
47.7405
71.4905
384.9905
17.3405
199.981
114.72149999999999
28.740499999999997
110.9215
