33.4905
87.881
25.890499999999996
50.830999999999996
1512.6644999999999
21.1405
23.990499999999997
243.212
42.0405
28.740499999999997
57.72149999999999
32.540499999999994
40.1405
18.2905
23.990499999999997
194.9905
38.2405
52.4905
23.990499999999997
178.3715
26.8405
99.9905
47.03099999999999
71.731
38.2405
36.3405
38.2405
59.140499999999996
23.040499999999998
23.990499999999997
156.9905
21.1405
47.7405
50.5905
14.490499999999999
80.9905
71.4905
80.9905
42.9905
25.890499999999996
99.9905
30.640499999999996
34.4405
67.22149999999999
137.9905
164.362
66.7405
71.731
25.890499999999996
34.681
26.8405
122.32149999999999
109.4905
26.8405
28.740499999999997
525.5905
51.0715
80.9905
28.740499999999997
23.990499999999997
41.0905
28.740499999999997
33.4905
26.8405
31.5905
40.381
27.790499999999998
180.7405
81.231
17.3405
33.4905
14.490499999999999
175.9905
33.4905
33.730999999999995
104.981
27.790499999999998
