126.362
21.1405
37.2905
80.9905
59.38099999999999
237.981
28.740499999999997
23.990499999999997
33.4905
27.790499999999998
175.9905
28.740499999999997
109.4905
29.690499999999997
19.240499999999997
38.2405
52.4905
270.9905
1429.0404999999998
47.980999999999995
42.9905
33.4905
34.681
80.52149999999999
17.3405
99.9905
20.1905
27.790499999999998
32.540499999999994
33.4905
57.2405
65.32149999999999
100.47149999999999
38.2405
64.131
27.790499999999998
42.9905
133.2405
90.4905
14.490499999999999
87.881
475.96199999999993
384.9905
61.9905
52.4905
401.417
137.9905
128.4905
38.2405
33.4905
77.19049999999999
118.99049999999998
171.481
52.4905
261.4905
33.4905
118.99049999999998
238.2215
35.631
90.731
90.4905
28.740499999999997
574.9905
38.2405
156.9905
503.981
66.981
36.3405
179.7905
133.2405
28.740499999999997
42.0405
86.22149999999999
16.3905
42.0405
49.6405
23.990499999999997
26.8405
35.390499999999996
71.4905
70.78099999999999
50.5905
99.9905
791.891
2208.0885000000003
51.78099999999999
76.481
56.2905
38.2405
27.790499999999998
717.4905
22.0905
627.962
171.4905
