66.7405
102.85249999999999
38.2405
33.4905
38.2405
33.4905
20.1905
64.131
361.481
23.040499999999998
61.9905
99.9905
1212.4524999999999
954.9905
61.9905
14.490499999999999
174.0905
33.4905
27.790499999999998
47.7405
17.3405
56.53099999999999
81.243
365.9905
21.1405
33.4905
26.8405
52.4905
38.2405
47.980999999999995
57.2405
185.4905
348.18100000000004
99.9905
23.990499999999997
118.99049999999998
33.4905
191.44299999999998
47.7405
32.540499999999994
56.53099999999999
19.240499999999997
384.9905
38.2405
23.040499999999998
175.9905
99.9905
456.7215
25.890499999999996
19.240499999999997
14.490499999999999
20.1905
22.0905
118.99049999999998
109.4905
59.381
42.281
19.240499999999997
156.9905
921.981
304.481
23.040499999999998
80.9905
66.981
80.0405
570.962
446.043
13.5405
42.0405
22.0905
67.931
85.7405
93.82149999999999
441.9905
38.2405
152.481
92.16199999999999
65.08099999999999
16.3905
147.4905
62.230999999999995
213.9905
30.640499999999996
52.5
96.431
15.4405
23.990499999999997
28.740499999999997
42.9905
94.06200000000001
76.481
69.59049999999999
23.990499999999997
48.931
66.981
33.4905
36.3405
90.4905
27.790499999999998
18.2905
21.1405
333.2215
14.490499999999999
22.0905
33.4905
33.4905
313.981
118.99049999999998
19.240499999999997
242.4905
14.490499999999999
