71.4905
100.47149999999999
1041.4524999999999
19.240499999999997
17.3405
270.9905
22.0905
156.9905
156.9905
156.9905
33.4905
465.981
38.2405
44.8905
33.4905
23.040499999999998
76.481
66.981
66.7405
23.990499999999997
55.580999999999996
38.2405
39.431
21.1405
46.7905
40.1405
87.1715
109.4905
50.830999999999996
30.640499999999996
166.4905
28.740499999999997
42.0405
23.990499999999997
41.0905
26.8405
85.981
61.9905
33.4905
116.381
23.990499999999997
446.043
23.990499999999997
114.24049999999998
38.2405
22.0905
38.2405
123.981
90.4905
156.9905
28.740499999999997
42.9905
31.5905
147.731
47.7405
1667.9714999999999
