242.731
27.790499999999998
31.5905
1255.6835
23.990499999999997
491.64300000000003
218.7405
42.9905
109.4905
80.9905
42.9905
36.3405
1462.3025
99.9905
74.34049999999999
28.740499999999997
41.0905
26.8405
43.9405
413.731
66.981
57.2405
19.240499999999997
195.231
290.0
78.6215
95.481
104.7405
44.8905
42.9905
13.5405
23.990499999999997
19.240499999999997
17.3405
27.790499999999998
25.890499999999996
66.7405
30.640499999999996
19.240499999999997
90.4905
128.4905
812.4905
156.9905
209.481
23.990499999999997
90.4905
109.4905
102.61199999999998
27.790499999999998
52.4905
64.84049999999999
164.831
13.5405
14.490499999999999
19.240499999999997
289.9905
18.2905
