665.962
66.981
18.2905
42.9905
33.4905
19.240499999999997
123.981
594.4715
80.9905
66.7405
42.9905
19.240499999999997
223.731
44.8905
118.99049999999998
31.5905
187.8715
622.4905
22.0905
50.5905
223.4905
66.981
270.9905
19.240499999999997
84.32149999999999
954.9905
28.740499999999997
720.112
18.2905
118.99049999999998
44.8905
47.7405
61.9905
266.481
375.4905
39.1905
28.740499999999997
23.990499999999997
90.4905
58.431
42.9905
198.8025
28.740499999999997
52.4905
28.740499999999997
28.740499999999997
