95.481
42.9905
89.781
100.231
41.330999999999996
80.9905
99.9905
118.99049999999998
194.9905
66.7405
28.740499999999997
131.112
465.981
80.9905
765.4715
23.990499999999997
80.9905
180.7405
18.2905
329.181
28.740499999999997
954.9905
34.681
441.9905
280.4905
31.5905
21.1405
38.2405
142.981
308.9905
218.7405
142.981
33.4905
23.990499999999997
138.231
21.1405
114.72149999999999
42.9905
28.740499999999997
36.3405
143.2215
228.2405
28.740499999999997
33.4905
66.7405
44.8905
85.7405
21.1405
66.7405
17.3405
959.981
