185.4905
118.28099999999999
76.2405
133.2405
175.9905
22.0905
42.9905
99.9905
33.4905
33.4905
276.2215
95.481
68.881
147.4905
22.0905
25.890499999999996
23.990499999999997
22.0905
20.1905
38.2405
431.5525
61.9905
209.481
27.790499999999998
14.490499999999999
61.9905
27.081
33.4905
90.4905
114.012
147.4905
38.2405
99.9905
80.9905
40.381
23.990499999999997
81.231
31.5905
23.990499999999997
38.2405
61.9905
71.4905
21.1405
23.990499999999997
1476.781
16.3905
42.9905
22.0905
52.4905
26.8405
89.781
123.981
88.59049999999999
193.5715
57.481
490.212
86.22149999999999
80.9905
81.231
42.9905
1639.9524999999999
136.0905
28.740499999999997
1022.4525
214.4715
44.181
21.1405
156.9905
859.9905
194.9905
42.9905
