19.240499999999997
242.4905
33.4905
99.9905
185.5025
337.4905
169.124
123.981
42.9905
41.0905
80.9905
94.53099999999998
28.740499999999997
52.4905
76.72149999999999
213.9905
40.1405
96.91199999999999
76.481
55.58099999999999
23.990499999999997
42.9905
16.3905
65.08099999999999
52.4905
61.9905
15.4405
233.231
42.9905
19.240499999999997
71.4905
332.981
104.7405
93.82149999999999
28.740499999999997
251.9905
71.4905
504.2215
28.740499999999997
26.8405
25.890499999999996
14.490499999999999
55.580999999999996
235.612
118.99049999999998
80.9905
109.4905
19.240499999999997
80.9905
28.740499999999997
93.58099999999999
17.3405
76.72149999999999
21.1405
23.990499999999997
33.4905
60.0905
66.981
28.740499999999997
57.2405
118.99049999999998
57.2405
86.22149999999999
859.9905
68.881
377.162
66.7405
114.481
66.981
19.240499999999997
38.480999999999995
23.990499999999997
33.4905
66.7405
32.781
71.4905
52.4905
169.82150000000001
42.9905
574.9905
50.5905
36.3405
99.9905
66.981
123.74049999999998
61.5215
33.4905
28.740499999999997
28.740499999999997
23.040499999999998
57.2405
38.2405
48.6905
20.1905
1788.8859999999997
45.8405
28.740499999999997
28.740499999999997
99.9905
18.2905
114.72149999999999
57.480999999999995
42.9905
669.9905
17.3405
30.640499999999996
479.9905
135.6215
118.99049999999998
432.4905
33.4905
29.690499999999997
38.2405
131.581
470.4905
128.4905
22.0905
370.981
19.240499999999997
