22.0905
28.740499999999997
859.9905
36.3405
152.2405
289.9905
80.9905
61.9905
44.8905
134.91199999999998
20.1905
80.9905
28.740499999999997
22.0905
52.4905
84.32149999999999
214.231
66.7405
66.981
16.3905
90.4905
61.9905
622.4905
47.7405
708.231
147.4905
242.4905
42.9905
33.4905
59.140499999999996
28.740499999999997
90.4905
14.490499999999999
1481.5405
42.9905
26.8405
38.2405
94.062
118.99049999999998
38.2405
407.09299999999996
99.9905
213.9905
52.4905
52.4905
52.4905
42.9905
239.90499999999997
42.9905
