32.540499999999994
171.481
30.640499999999996
22.0905
50.830999999999996
71.4905
1144.9904999999999
28.740499999999997
451.9715
33.4905
33.4905
38.2405
80.9905
22.0905
220.6405
33.4905
40.1405
954.9905
249.38099999999997
53.681
60.0905
40.1405
1334.9904999999999
41.0905
36.3405
33.4905
21.1405
2546.4809999999998
38.2405
23.990499999999997
240.5905
80.9905
19.240499999999997
273.37149999999997
80.762
118.99049999999998
42.281
21.1405
61.9905
39.1905
60.330999999999996
171.962
574.9905
33.4905
194.9905
33.4905
