166.4905
99.9905
147.02149999999997
61.9905
85.7405
194.9905
641.4905
14.490499999999999
123.981
1619.0404999999998
840.9905
92.631
40.1405
42.9905
34.681
121.84049999999999
19.240499999999997
36.3405
118.99049999999998
16.3905
33.4905
22.0905
28.740499999999997
385.243
51.5405
474.3025
29.690499999999997
42.9905
146.55249999999998
479.9905
99.0405
951.9239999999999
28.740499999999997
32.540499999999994
99.9905
14.490499999999999
23.040499999999998
44.8905
23.990499999999997
41.0905
31.5905
118.99049999999998
109.4905
152.962
19.240499999999997
23.990499999999997
16.3905
25.890499999999996
19.240499999999997
61.9905
294.981
52.4905
70.312
42.9905
146.0715
41.0905
864.981
171.2405
17.3405
33.4905
869.9715
33.4905
23.040499999999998
41.0905
52.4905
40.1405
147.4905
98.33099999999999
30.640499999999996
21.1405
764.9905
185.4905
194.9905
156.9905
32.540499999999994
14.490499999999999
66.981
42.9905
304.2405
66.7405
22.0905
451.4905
993.231
42.9905
68.881
61.9905
137.9905
21.1405
23.040499999999998
44.8905
17.3405
52.4905
33.4905
38.2405
81.94049999999999
194.0405
166.4905
31.5905
36.3405
42.9905
19.240499999999997
34.681
45.131
18.2905
304.481
80.9905
22.0905
96.6715
28.740499999999997
28.740499999999997
522.981
89.07149999999999
66.7405
356.97149999999993
123.981
80.9905
147.4905
21.1405
26.8405
23.990499999999997
135.6215
71.4905
28.740499999999997
157.4715
14.490499999999999
33.4905
16.3905
72.681
123.981
26.8405
