175.9905
237.98099999999997
71.4905
80.9905
261.0215
38.2405
788.7405
584.9715
618.7025
28.740499999999997
199.981
19.240499999999997
107.362
33.4905
289.9905
57.2405
33.4905
42.28099999999999
10.6905
343.912
42.9905
109.4905
122.56199999999998
110.681
19.240499999999997
99.9905
47.7405
28.740499999999997
38.480999999999995
175.9905
147.4905
175.9905
61.9905
23.990499999999997
1586.7404999999999
90.4905
128.4905
123.74049999999998
466.7025
52.4905
18.2905
31.5905
14.490499999999999
90.4905
1049.0405
33.4905
168.8715
97.14049999999999
33.4905
