52.4905
42.9905
137.9905
71.4905
199.981
61.9905
38.2405
26.8405
38.2405
38.2405
47.7405
80.9905
50.830999999999996
38.2405
22.0905
309.4715
1040.9715
109.4905
38.2405
28.740499999999997
42.9905
23.990499999999997
18.2905
118.99049999999998
67.22149999999999
44.181
21.1405
26.8405
90.4905
92.16199999999999
1287.4904999999999
38.2405
47.980999999999995
64.84049999999999
764.9905
42.9905
42.9905
25.890499999999996
30.640499999999996
20.1905
261.4905
551.481
1102.481
52.4905
25.890499999999996
23.990499999999997
156.9905
42.0405
669.9905
82.66199999999999
465.981
118.99049999999998
23.990499999999997
