72.681
91.681
23.990499999999997
38.2405
19.240499999999997
32.540499999999994
156.9905
33.4905
23.990499999999997
29.690499999999997
45.131
33.4905
61.28099999999999
242.4905
17.3405
99.9905
19.240499999999997
130.16199999999998
318.4905
42.9905
61.9905
52.730999999999995
66.981
42.9905
147.4905
33.4905
22.0905
323.481
126.83099999999999
194.9905
432.4905
57.480999999999995
389.981
214.712
12.590499999999999
19.240499999999997
44.8905
18.2905
64.84049999999999
34.681
71.0215
38.2405
55.581
57.480999999999995
131.8215
66.981
58.431
164.5905
71.4905
242.4905
23.040499999999998
22.0905
28.740499999999997
100.47149999999999
1339.981
33.4905
17.3405
19.240499999999997
69.362
50.5905
432.4905
565.4905
218.981
25.890499999999996
71.4905
