251.9905
71.4905
147.9715
27.790499999999998
194.9905
171.2405
118.99049999999998
169.581
33.4905
251.9905
399.481
47.7405
45.131
166.4905
21.1405
85.981
147.4905
42.9905
31.5905
32.781
33.4905
21.1405
33.4905
115.6715
798.2405
69.59049999999999
26.8405
47.031
28.740499999999997
57.480999999999995
23.990499999999997
128.4905
308.9905
23.990499999999997
80.9905
351.981
29.690499999999997
1287.4904999999999
859.9905
40.381
99.9905
18.2905
31.5905
52.4905
1194.8954999999999
166.4905
52.730999999999995
114.481
38.2405
76.2405
199.981
33.4905
121.131
80.9905
144.6405
194.9905
109.4905
71.4905
118.99049999999998
27.799999999999997
209.481
208.062
156.9905
190.481
22.0905
42.9905
41.0905
194.9905
66.7405
28.740499999999997
60.330999999999996
83.131
50.830999999999996
408.2955
71.4905
42.0405
99.9905
56.2905
19.240499999999997
85.981
47.031
61.9905
58.1905
237.981
190.7215
29.690499999999997
109.731
27.790499999999998
23.040499999999998
23.040499999999998
39.431
232.9905
34.681
118.99049999999998
109.97149999999999
34.681
130.631
42.9905
38.2405
76.96199999999999
118.99049999999998
77.19049999999999
81.231
89.07149999999999
26.8405
38.2405
153.91199999999998
114.481
51.78099999999999
103.32149999999999
152.481
332.981
33.4905
49.6405
18.2905
28.740499999999997
42.9905
76.96199999999999
38.2405
17.3405
23.990499999999997
33.4905
12.590499999999999
45.8405
52.4905
19.240499999999997
42.9905
17.3405
33.4905
17.3405
327.9905
118.99049999999998
57.480999999999995
71.97149999999999
84.32149999999999
61.9905
52.4905
256.7405
38.2405
33.4905
38.2405
14.490499999999999
47.7405
28.740499999999997
24.940499999999997
194.9905
452.4765
42.9905
375.4905
294.981
50.830999999999996
19.240499999999997
