109.4905
118.99049999999998
112.82149999999999
23.040499999999998
40.1405
85.7405
512.062
20.1905
26.8405
147.4905
30.640499999999996
785.193
22.0905
85.7405
34.681
71.4905
47.7405
231.331
33.4905
114.96199999999999
11.6405
31.5905
266.481
42.9905
16.3905
25.890499999999996
114.24049999999998
66.7405
23.990499999999997
15.4405
20.1905
23.990499999999997
18.2905
685.924
123.981
85.7405
118.99049999999998
171.481
118.99049999999998
61.9905
147.4905
61.9905
109.731
47.980999999999995
663.8215
184.55249999999998
33.4905
55.580999999999996
38.480999999999995
118.99049999999998
242.4905
24.940499999999997
242.4905
86.69049999999999
38.2405
90.4905
98.09049999999999
46.080999999999996
18.2905
26.8405
42.9905
