479.9905
137.9905
71.731
90.97149999999999
42.9905
128.4905
32.781
2698.7214999999997
76.481
30.640499999999996
44.8905
47.980999999999995
33.4905
38.480999999999995
28.740499999999997
73.8715
684.481
82.181
18.2905
36.3405
19.240499999999997
33.4905
17.3405
128.4905
23.990499999999997
38.2405
94.531
41.0905
25.890499999999996
256.981
23.040499999999998
461.4715
22.0905
42.9905
23.990499999999997
42.0405
13.5405
194.9905
1976.7215
17.3405
66.981
71.4905
76.481
109.4905
665.481
313.7525
33.4905
44.8905
89.781
38.2405
42.9905
20.1905
45.8405
65.79050000000001
42.9905
42.9905
147.4905
223.4905
32.540499999999994
22.0905
418.962
128.4905
133.2405
44.8905
579.981
33.4905
31.5905
23.990499999999997
28.740499999999997
33.4905
168.8715
384.9905
56.2905
161.981
23.040499999999998
67.931
38.2405
28.740499999999997
80.9905
38.2405
47.031
40.1405
11.6405
142.7405
328.4715
118.99049999999998
201.881
33.4905
42.9905
23.990499999999997
579.981
80.9905
55.580999999999996
270.9905
137.9905
99.9905
280.9715
389.981
41.0905
46.7905
25.890499999999996
21.1405
560.7764999999999
90.4905
28.740499999999997
147.4905
147.4905
71.4905
334.905
23.990499999999997
461.231
2294.9715
465.981
42.9905
241.31199999999998
17.3405
23.990499999999997
42.9905
194.9905
52.730999999999995
432.4905
1268.943
456.481
17.3405
289.9905
218.7405
53.681
23.040499999999998
76.481
812.4905
26.8405
17.3405
21.1405
31.5905
42.9905
33.4905
271.712
42.9905
66.981
33.4905
27.790499999999998
28.740499999999997
28.740499999999997
137.9905
66.981
32.781
194.9905
80.9905
194.9905
23.040499999999998
44.181
33.4905
351.981
44.8905
119.47149999999999
25.890499999999996
194.9905
237.98099999999997
21.1405
36.3405
66.981
23.990499999999997
38.2405
47.980999999999995
47.980999999999995
479.9905
56.2905
484.981
17.3405
23.040499999999998
242.4905
137.9905
61.9905
76.481
309.231
52.730999999999995
589.998
14.490499999999999
135.1405
242.4905
13.5405
23.990499999999997
