28.740499999999997
36.3405
63.181
88.83099999999999
22.0905
202.831
99.9905
44.181
33.4905
42.9905
152.2405
11.6405
237.981
25.890499999999996
90.4905
147.4905
18.2905
71.4905
28.740499999999997
76.481
64.131
40.1405
16.3905
26.8405
71.4905
76.481
180.981
1339.981
474.2905
34.681
25.890499999999996
21.1405
109.97149999999999
71.4905
47.7405
23.990499999999997
28.740499999999997
28.740499999999997
36.3405
212.57150000000001
99.9905
99.9905
256.981
13.5405
14.490499999999999
63.181
42.9905
223.4905
33.4905
71.731
166.4905
38.2405
19.240499999999997
175.9905
61.9905
357.4525
218.7405
175.9905
156.9905
266.481
33.4905
76.2405
23.990499999999997
31.5905
349.61199999999997
180.043
356.4905
80.9905
26.8405
23.990499999999997
61.281
175.9905
