81.94049999999999
33.4905
38.2405
717.7429999999999
28.740499999999997
52.4905
422.5215
99.9905
47.7405
42.9905
33.4905
759.062
51.78099999999999
66.981
61.9905
242.4905
150.581
194.9905
23.990499999999997
23.990499999999997
19.240499999999997
17.3405
76.2405
13.5405
28.740499999999997
166.4905
14.490499999999999
19.240499999999997
351.981
261.731
52.4905
23.990499999999997
175.9905
76.481
28.740499999999997
37.2905
28.740499999999997
66.981
99.9905
109.4905
213.5215
456.96199999999993
66.7405
42.9905
45.13099999999999
31.831000000000003
289.9905
802.9905
