42.9905
23.990499999999997
80.9905
237.98099999999997
66.981
42.9905
370.981
99.9905
52.4905
53.681
27.790499999999998
104.7405
237.98099999999997
90.731
289.9905
52.4905
28.740499999999997
27.081
97.14049999999999
138.231
104.7405
61.9905
135.381
42.9905
194.9905
23.990499999999997
70.5405
33.4905
99.9905
26.8405
14.490499999999999
154.1405
437.2405
237.98099999999997
33.4905
133.481
30.640499999999996
61.290499999999994
23.990499999999997
76.481
194.9905
85.981
38.2405
119.231
52.4905
23.990499999999997
14.490499999999999
99.9905
31.5905
479.9905
17.3405
669.9905
22.0905
71.4905
