20.1905
16.3905
859.9905
38.480999999999995
33.4905
28.740499999999997
75.531
27.790499999999998
1273.7215
47.980999999999995
51.781
33.4905
40.381
88.83099999999999
30.640499999999996
118.99049999999998
194.9905
114.96199999999999
194.9905
23.990499999999997
129.212
118.99049999999998
42.9905
31.5905
30.640499999999996
80.9905
98.33099999999999
33.4905
71.4905
76.96199999999999
137.9905
21.1405
157.712
33.4905
52.4905
38.2405
414.4525
1135.4904999999999
65.08099999999999
33.4905
38.2405
769.981
42.9905
57.2405
23.990499999999997
31.5905
23.040499999999998
23.040499999999998
68.881
41.330999999999996
33.4905
19.240499999999997
