18.2905
33.730999999999995
42.9905
42.9905
764.9905
46.080999999999996
242.4905
23.990499999999997
266.2405
99.9905
36.3405
23.990499999999997
90.4905
403.9905
79.33099999999999
389.981
109.731
55.580999999999996
21.1405
120.42149999999998
33.4905
33.4905
65.081
185.262
36.3405
261.4905
71.4905
20.1905
33.4905
236.081
185.4905
33.4905
71.4905
104.981
28.740499999999997
35.390499999999996
119.231
513.962
33.4905
47.980999999999995
33.4905
52.730999999999995
156.9905
55.580999999999996
100.47149999999999
479.9905
23.281
33.4905
98.57149999999999
55.58099999999999
104.981
114.481
42.9905
37.2905
123.981
125.17149999999998
38.480999999999995
247.48099999999997
18.2905
55.580999999999996
27.790499999999998
19.240499999999997
50.5905
21.1405
17.3405
351.981
23.990499999999997
61.9905
71.97149999999999
66.7405
14.490499999999999
117.33099999999999
303.7715
33.4905
33.4905
157.231
175.9905
90.731
14.490499999999999
90.4905
104.7405
47.7405
23.040499999999998
166.981
194.9905
33.4905
66.7405
118.99049999999998
28.740499999999997
289.9905
71.4905
745.9905
47.7405
27.081
21.1405
13.5405
33.4905
20.1905
