33.4905
41.0905
133.2405
209.962
479.9905
95.72149999999999
80.9905
76.2405
57.480999999999995
242.4905
42.9905
33.4905
50.5905
257.2215
28.740499999999997
71.4905
118.99049999999998
264.581
14.490499999999999
99.9905
97.862
413.4905
441.9905
111.631
22.0905
33.4905
42.9905
104.03099999999998
61.9905
89.781
66.7405
23.990499999999997
637.2215
28.740499999999997
147.4905
20.1905
175.9905
47.980999999999995
41.0905
21.1405
28.980999999999998
252.4715
119.231
52.4905
26.8405
15.4405
80.9905
33.4905
142.981
42.9905
47.7405
71.4905
33.4905
23.040499999999998
36.3405
57.480999999999995
23.990499999999997
33.4905
146.0715
26.8405
185.731
23.990499999999997
98.33099999999999
223.731
266.2525
310.181
87.881
479.9905
16.3905
11.6405
493.543
23.990499999999997
38.2405
21.1405
90.4905
50.830999999999996
22.0905
128.4905
242.4905
47.980999999999995
36.3405
1249.9715
175.9905
19.240499999999997
13.5405
156.9905
33.4905
309.231
575.712
28.740499999999997
47.7405
33.4905
28.740499999999997
1525.9524999999999
18.2905
