23.040499999999998
26.8405
38.480999999999995
28.740499999999997
627.962
441.9905
156.9905
38.2405
17.3405
33.4905
26.8405
28.740499999999997
156.9905
109.4905
38.2405
80.9905
27.790499999999998
66.981
118.99049999999998
33.4905
118.99049999999998
28.740499999999997
23.990499999999997
137.9905
1149.981
26.8405
118.99049999999998
80.9905
156.9905
33.4905
33.4905
52.4905
69.1215
111.631
108.781
17.3405
59.381
103.08099999999999
67.69049999999999
72.681
28.740499999999997
26.8405
19.240499999999997
33.4905
47.7405
52.4905
28.740499999999997
17.3405
104.04299999999999
90.4905
70.0715
16.3905
99.9905
26.8405
42.9905
180.7405
40.381
408.981
66.7405
812.4905
