399.481
337.4905
20.1905
128.4905
52.4905
38.480999999999995
31.5905
121.3715
1162.1145
256.7405
47.980999999999995
118.99049999999998
147.4905
99.9905
310.8905
27.799999999999997
32.540499999999994
242.4905
42.9905
118.99049999999998
61.9905
33.4905
384.9905
612.9905
147.4905
80.9905
37.531
52.4905
50.5905
337.9715
798.012
1601.7240000000002
75.77149999999999
33.4905
27.790499999999998
114.24049999999998
50.5905
39.1905
33.4905
42.9905
47.7405
156.9905
23.990499999999997
893.481
289.9905
384.9905
292.8405
33.4905
147.4905
23.990499999999997
85.981
47.7405
16.3905
574.9905
120.662
42.9905
71.97149999999999
859.9905
433.212
26.8405
