23.990499999999997
38.2405
66.2715
133.2405
44.181
387.86449999999996
37.2905
99.9905
25.890499999999996
87.881
27.790499999999998
26.8405
73.39049999999999
337.4905
199.981
42.281
38.2405
574.9905
33.4905
187.87149999999997
33.4905
38.2405
66.7405
42.9905
689.9525
33.4905
95.481
71.4905
318.74299999999994
28.980999999999998
21.1405
99.0405
47.7405
104.981
669.9905
44.181
19.240499999999997
66.981
40.1405
51.5405
33.4905
128.4905
66.03099999999999
156.9905
47.980999999999995
17.3405
42.9905
38.480999999999995
28.740499999999997
33.4905
23.040499999999998
36.3405
170.531
21.1405
57.2405
143.94299999999998
128.4905
78.6215
428.943
28.740499999999997
26.8405
33.4905
18.2905
133.481
23.040499999999998
93.58099999999999
57.2405
