48.22149999999999
19.240499999999997
23.040499999999998
33.4905
23.990499999999997
71.4905
80.9905
55.580999999999996
21.1405
584.9715
60.0905
25.890499999999996
223.4905
38.2405
41.0905
175.9905
38.2405
99.9905
18.2905
14.490499999999999
14.490499999999999
80.9905
22.0905
88.59049999999999
156.9905
61.9905
38.480999999999995
103.32149999999999
11.6405
81.193
128.9715
751.2215
26.8405
28.740499999999997
33.4905
138.231
23.040499999999998
30.881
441.9905
28.740499999999997
522.981
92.631
479.9905
118.99049999999998
36.3405
97.14049999999999
28.740499999999997
33.4905
79.57149999999999
33.4905
238.7025
130.63099999999997
118.99049999999998
133.7215
161.981
80.9905
54.63099999999999
31.5905
75.53099999999999
42.9905
23.040499999999998
21.1405
20.1905
66.981
636.981
38.2405
31.5905
109.731
23.990499999999997
14.490499999999999
81.47149999999999
19.240499999999997
90.731
247.48099999999997
28.740499999999997
47.7405
21.1405
33.4905
18.2905
42.9905
47.7405
118.99049999999998
33.4905
198.081
61.9905
38.480999999999995
69.83099999999999
194.9905
162.2215
23.040499999999998
