311.37149999999997
47.7405
185.731
23.990499999999997
38.2405
33.4905
399.481
71.4905
44.8905
39.1905
65.08099999999999
62.230999999999995
356.4905
42.9905
41.0905
76.481
185.4905
26.8405
496.87399999999997
33.4905
42.9905
23.990499999999997
194.9905
242.4905
740.3025
42.9905
142.981
28.740499999999997
100.47149999999999
20.1905
112.581
34.681
72.9215
23.990499999999997
38.2405
85.981
154.862
118.99049999999998
60.5715
27.790499999999998
90.4905
39.1905
684.481
360.79549999999995
859.9905
71.731
57.2405
669.9905
40.1405
