234.18099999999998
53.681
55.580999999999996
33.4905
42.9905
21.1405
28.980999999999998
23.040499999999998
14.490499999999999
242.4905
33.4905
285.481
42.9905
26.8405
130.631
527.4905
153.19050000000001
18.2905
31.5905
384.9905
33.4905
380.2405
119.231
237.7405
61.9905
172.67149999999998
42.9905
23.990499999999997
42.9905
99.9905
242.4905
263.4025
228.2405
23.281
118.99049999999998
294.981
38.2405
114.24049999999998
19.240499999999997
28.740499999999997
25.180999999999997
33.4905
1144.9904999999999
62.230999999999995
22.0905
90.731
71.4905
42.9905
126.362
27.790499999999998
90.4905
47.7405
256.981
40.381
28.740499999999997
1535.4524999999999
33.4905
175.9905
16.3905
1306.9714999999997
28.740499999999997
30.640499999999996
99.9905
109.4905
57.480999999999995
66.7405
40.1405
49.171499999999995
176.9525
74.581
5.0
536.9905
