37.531
120.181
21.1405
85.7405
26.8405
36.3405
1101.7835
180.981
14.490499999999999
19.240499999999997
334.881
61.9905
45.8405
66.7405
44.8905
22.0905
19.240499999999997
33.4905
717.4905
19.240499999999997
310.662
157.4715
1524.9904999999999
30.640499999999996
41.0905
16.3905
42.9905
36.3405
403.9905
100.47149999999999
42.9905
10.6905
90.97149999999999
28.740499999999997
156.9905
28.740499999999997
47.7405
272.181
35.390499999999996
57.25
22.0905
202.12149999999997
179.081
27.790499999999998
36.3405
114.25249999999998
99.9905
33.4905
104.7405
114.24049999999998
33.4905
33.4905
36.3405
33.4905
22.0905
22.0905
175.9905
33.4905
52.4905
907.4905
40.1405
38.2405
280.5025
176.231
23.990499999999997
51.781
