63.181
23.990499999999997
40.1405
25.890499999999996
99.9905
23.990499999999997
44.8905
180.981
420.38100000000003
36.3405
186.4525
23.990499999999997
30.640499999999996
80.9905
237.98099999999997
27.790499999999998
1255.924
171.481
33.4905
47.980999999999995
42.9905
156.28099999999998
23.990499999999997
137.9905
27.790499999999998
47.7405
42.9905
908.9335
21.1405
42.9905
33.4905
28.740499999999997
40.1405
57.72149999999999
31.5905
61.9905
33.4905
61.9905
437.481
20.1905
151.531
256.981
299.9715
71.4905
40.1405
28.740499999999997
33.4905
263.87149999999997
158.42149999999998
125.8905
42.9905
175.0525
20.1905
1334.9904999999999
33.4905
42.9905
23.990499999999997
66.981
23.990499999999997
52.4905
39.1905
27.790499999999998
28.740499999999997
19.240499999999997
954.9905
75.7715
104.03099999999999
66.981
28.740499999999997
608.962
475.962
38.2405
118.99049999999998
371.462
99.9905
118.99049999999998
155.0905
66.031
33.4905
100.231
38.2405
33.4905
38.2405
26.8405
138.231
185.731
89.5405
72.212
351.981
