42.9905
42.9905
44.181
23.990499999999997
76.25
23.990499999999997
18.2905
31.5905
34.681
333.6905
242.4905
42.9905
137.9905
66.981
28.740499999999997
23.040499999999998
72.681
57.2405
81.231
76.481
285.481
307.331
33.4905
61.28099999999999
42.9905
33.4905
28.740499999999997
19.240499999999997
57.2405
954.9905
118.99049999999998
33.4905
764.9905
219.462
33.4905
22.0905
80.9905
61.9905
23.990499999999997
52.4905
137.9905
80.9905
38.2405
36.3405
90.4905
120.42150000000001
33.4905
42.9905
38.2405
85.2715
25.890499999999996
85.7405
33.4905
76.2405
36.3405
49.881
29.690499999999997
41.0905
432.9715
242.4905
17.3405
82.181
118.99049999999998
236.32149999999996
385.4715
42.9905
693.981
194.9905
86.22149999999999
44.8905
954.0405
118.99049999999998
185.4905
26.8405
19.240499999999997
76.2405
256.7405
71.4905
109.4905
61.9905
189.543
71.97149999999999
240.831
21.1405
61.9905
237.981
36.3405
33.4905
228.48099999999997
71.97149999999999
21.1405
26.8405
105.22149999999999
181.2215
17.3405
528.212
27.081
23.990499999999997
589.962
92.631
20.1905
33.4905
392.36199999999997
38.2405
136.5715
21.1405
23.990499999999997
23.990499999999997
20.1905
22.0905
44.181
66.981
470.4905
479.9905
28.740499999999997
100.72399999999999
26.8405
80.9905
22.0905
47.980999999999995
1962.9524999999999
190.49299999999997
33.4905
104.7405
29.690499999999997
30.881
32.540499999999994
31.5905
25.890499999999996
80.9905
16.3905
118.99049999999998
156.9905
