123.981
38.2405
76.2405
42.9905
36.3405
44.181
44.8905
684.481
148.4525
395.212
45.8405
195.231
339.4145
38.2405
38.2405
33.4905
23.990499999999997
33.4905
470.4905
294.981
199.7405
542.2215
195.4715
1287.4904999999999
19.240499999999997
80.9905
17.3405
52.4905
23.990499999999997
28.740499999999997
55.580999999999996
42.9905
242.4905
48.6905
118.99049999999998
242.4905
62.230999999999995
28.740499999999997
1794.3215
54.631
56.53099999999999
65.08099999999999
21.1405
38.480999999999995
57.2405
57.2405
1684.6264999999999
774.4905
23.990499999999997
33.4905
133.962
17.3405
147.4905
118.99049999999998
161.031
21.1405
156.9905
242.4905
90.4905
28.740499999999997
55.580999999999996
51.5405
66.981
541.981
27.790499999999998
26.8405
71.4905
19.240499999999997
16.3905
698.9715
32.540499999999994
38.2405
408.981
195.4715
39.431
36.3405
470.9715
19.240499999999997
194.9905
375.4905
204.4905
23.990499999999997
