118.99049999999998
118.99049999999998
33.4905
54.871500000000005
28.740499999999997
502.081
114.24049999999998
61.9905
173.381
114.72149999999999
28.740499999999997
444.131
28.740499999999997
57.2405
24.940499999999997
24.940499999999997
52.4905
199.981
57.480999999999995
194.9905
26.8405
104.7405
21.1405
19.240499999999997
104.7525
33.4905
42.9905
413.4905
52.4905
1049.9904999999999
458.381
23.05
26.8405
61.9905
60.5715
147.4905
61.28099999999999
237.98099999999997
199.981
242.4905
356.4905
118.99049999999998
26.8405
36.3405
99.9905
32.540499999999994
104.981
157.0025
33.4905
52.4905
42.0405
34.681
25.890499999999996
63.181
52.4905
38.2405
61.28099999999999
99.9905
266.481
147.4905
76.481
859.9905
23.990499999999997
340.59299999999996
36.3405
23.990499999999997
76.2405
337.4905
90.4905
19.240499999999997
80.9905
30.640499999999996
722.962
38.480999999999995
66.7405
232.9905
28.740499999999997
204.731
114.481
270.9905
99.9905
204.9715
107.362
40.6215
33.4905
52.4905
294.981
24.940499999999997
76.2405
38.2405
143.69050000000001
36.581
75.531
199.981
33.4905
59.140499999999996
47.980999999999995
28.740499999999997
71.4905
332.981
33.4905
199.981
99.9905
475.481
1012.4715
479.9905
80.9905
33.4905
128.4905
261.731
76.481
38.2405
80.5215
42.9905
163.881
584.9715
428.2215
175.9905
156.9905
57.480999999999995
210.44299999999998
38.2405
