23.990499999999997
261.4905
156.9905
40.6215
64.131
71.4905
52.4905
22.0905
33.4905
223.4905
28.740499999999997
14.490499999999999
860.4715
161.7405
326.5715
34.681
95.2405
52.730999999999995
23.040499999999998
1334.9904999999999
1135.4904999999999
37.2905
33.4905
181.2215
202.362
63.181
99.9905
223.4905
66.7405
76.2405
61.9905
128.4905
33.4905
213.28099999999998
812.4905
38.2405
52.4905
33.4905
21.1405
147.4905
38.2405
137.0405
109.4905
18.2905
108.78099999999999
42.281
56.53099999999999
109.4905
61.9905
19.240499999999997
14.490499999999999
41.0905
23.990499999999997
21.1405
31.5905
33.4905
27.790499999999998
33.4905
644.3525
859.9905
23.990499999999997
42.9905
23.990499999999997
68.1715
28.740499999999997
85.7405
166.4905
76.481
47.980999999999995
22.0905
50.830999999999996
1193.9335
42.9905
96.43100000000001
38.2405
28.740499999999997
32.540499999999994
32.540499999999994
28.740499999999997
479.9905
166.4905
123.981
532.012
42.9905
199.981
84.32149999999999
128.4905
1102.481
74.82149999999999
42.9905
