46.080999999999996
19.240499999999997
44.8905
213.9905
19.240499999999997
17.3405
172.44299999999998
384.9905
460.9905
40.1405
31.5905
194.762
20.1905
26.8405
71.731
59.140499999999996
101.66199999999999
26.8405
31.5905
42.9905
165.781
40.1405
33.4905
47.7405
26.8405
299.9955
85.981
218.7405
41.0905
42.9905
152.012
20.1905
375.4905
33.4905
33.4905
52.730999999999995
38.2405
162.7025
23.990499999999997
118.99049999999998
1301.981
51.78099999999999
33.730999999999995
53.681
23.990499999999997
42.9905
27.790499999999998
148.212
23.990499999999997
71.4905
1407.924
57.2405
71.4905
261.4905
466.943
389.981
31.5905
