51.78099999999999
38.2405
157.231
61.9905
151.2905
128.4905
308.9905
22.0905
59.38099999999999
1012.712
66.981
57.2405
17.3405
23.990499999999997
859.9905
42.9905
33.4905
532.962
95.481
42.9905
242.4905
76.481
256.981
99.9905
194.9905
59.381
17.3405
707.9905
80.9905
33.4905
109.4905
71.4905
38.2405
99.9905
175.9905
33.4905
128.4905
36.3405
65.08099999999999
23.040499999999998
24.940499999999997
52.4905
42.9905
69.83099999999999
221.12149999999997
30.640499999999996
38.2405
289.9905
31.5905
99.9905
156.9905
57.480999999999995
23.040499999999998
28.740499999999997
123.981
21.1405
10.6905
23.040499999999998
446.981
14.490499999999999
147.4905
32.540499999999994
14.490499999999999
337.4905
52.4905
275.981
21.1405
441.9905
62.230999999999995
290.4715
81.231
577.3834999999999
57.2405
45.8405
168.631
28.740499999999997
66.981
42.9905
203.0715
78.381
42.9905
70.55
49.88099999999999
147.4905
137.9905
42.9905
99.9905
959.981
