80.9905
401.381
90.4905
16.3905
13.5405
42.9905
114.481
33.4905
38.2405
28.740499999999997
41.0905
22.0905
34.4405
33.4905
33.4905
27.790499999999998
187.631
26.8405
42.9905
33.4905
38.2405
33.4905
55.58099999999999
169.581
185.4905
118.99049999999998
26.8405
542.2215
99.9905
35.390499999999996
561.7025
38.2405
52.4905
76.481
118.99049999999998
33.4905
51.5405
40.1405
261.4905
23.990499999999997
33.4905
36.3405
66.7405
68.1715
123.981
33.4905
220.6405
99.9905
252.724
33.4905
23.990499999999997
99.9905
48.6905
28.740499999999997
123.981
428.943
127.07149999999999
61.9905
30.640499999999996
224.68099999999998
890.174
38.2405
156.9905
756.212
266.481
38.2405
147.4905
23.990499999999997
42.9905
33.4905
157.9525
66.981
26.8405
