147.4905
18.2905
33.4905
99.9905
157.4715
44.181
39.431
21.1405
45.8405
1097.4904999999999
44.8905
118.99049999999998
76.481
30.640499999999996
166.0215
38.480999999999995
33.4905
42.9905
23.040499999999998
194.9905
954.9905
37.531
294.981
61.9905
352.7025
27.790499999999998
26.8405
28.740499999999997
289.9905
22.0905
166.4905
76.481
90.4905
45.8405
44.8905
101.181
38.2405
57.480999999999995
54.631
41.331
175.293
123.74049999999998
223.4905
23.990499999999997
166.731
46.080999999999996
33.4905
38.2405
2861.424
224.69299999999998
70.55
71.4905
99.9905
769.981
16.3905
242.9715
147.4905
627.962
66.981
14.490499999999999
23.990499999999997
23.990499999999997
57.480999999999995
57.2405
71.4905
49.171499999999995
21.1405
631.9905
36.3405
80.9905
26.8405
289.9905
44.181
28.740499999999997
63.181
532.962
29.690499999999997
123.981
26.8405
38.2405
71.731
199.03099999999998
28.740499999999997
32.540499999999994
160.081
570.962
40.1405
669.9905
36.3405
38.2405
20.1905
104.981
17.3405
90.97149999999999
71.0215
17.3405
17.3405
52.4905
56.53099999999999
479.9905
22.0905
33.4905
76.481
1026.7215
68.881
52.4905
61.9905
82.181
