194.9905
104.7405
25.890499999999996
52.4905
280.4905
166.4905
52.4905
167.4525
61.9905
23.990499999999997
76.2405
28.740499999999997
38.2405
180.981
17.3405
38.2405
148.92149999999998
118.99049999999998
27.790499999999998
33.4905
23.990499999999997
38.2405
51.5405
42.9905
270.9905
537.231
38.2405
38.2405
337.4905
144.65249999999997
76.481
370.981
90.4905
81.47149999999999
47.7405
26.8405
40.6215
80.762
42.9905
99.9905
137.9905
147.4905
408.981
257.943
101.181
42.9905
80.9905
42.9905
38.480999999999995
99.9905
228.2405
214.4715
128.4905
175.9905
112.58099999999999
52.4905
218.981
25.890499999999996
23.040499999999998
99.9905
148.212
38.2405
36.3405
28.740499999999997
541.981
213.5215
219.462
223.731
1650.655
14.490499999999999
28.740499999999997
33.4905
74.58099999999999
107.1215
513.962
23.990499999999997
26.8405
28.740499999999997
56.2905
28.740499999999997
44.181
137.9905
29.690499999999997
61.28099999999999
23.990499999999997
26.8405
28.740499999999997
17.3405
30.640499999999996
90.731
61.9905
195.231
20.1905
22.0905
1356.8405
61.9905
60.330999999999996
23.990499999999997
61.9905
728.4335
28.740499999999997
613.712
128.4905
22.0905
42.9905
56.2905
85.981
38.2405
28.740499999999997
175.9905
128.9715
22.0905
788.981
45.8405
33.4905
33.4905
42.9905
1225.981
