19.240499999999997
118.99049999999998
19.240499999999997
23.990499999999997
46.080999999999996
72.681
19.240499999999997
104.981
61.28099999999999
128.4905
42.9905
574.9905
19.240499999999997
149.162
76.481
99.9905
180.7405
26.8405
23.990499999999997
17.3405
33.4905
14.490499999999999
26.8405
142.2715
42.9905
175.9905
28.740499999999997
85.981
21.1405
142.7405
152.7215
23.040499999999998
954.9905
147.4905
34.681
28.740499999999997
118.99049999999998
38.2405
42.9905
18.2905
80.9905
47.7405
26.8405
76.481
41.0905
23.040499999999998
28.980999999999998
57.2405
307.812
251.762
71.4905
17.3405
171.2405
59.140499999999996
162.2215
42.9905
66.7405
30.640499999999996
28.740499999999997
90.731
21.1405
337.4905
71.4905
16.3905
66.981
19.240499999999997
104.7405
19.240499999999997
23.990499999999997
19.240499999999997
95.481
28.740499999999997
56.2905
213.9905
194.9905
