501.131
42.9905
25.890499999999996
85.981
40.1405
812.4905
22.0905
23.990499999999997
27.790499999999998
26.8405
23.990499999999997
56.2905
33.4905
38.2405
80.9905
55.580999999999996
323.481
17.3405
23.990499999999997
28.740499999999997
38.2405
370.524
13.5405
266.481
100.231
376.681
90.4905
23.990499999999997
99.9905
27.790499999999998
85.981
17.3405
142.981
20.1905
128.4905
20.1905
245.11199999999997
33.4905
632.4715
38.2405
23.990499999999997
36.3405
28.740499999999997
72.681
42.281
1090.8525000000002
23.990499999999997
131.581
38.2405
32.540499999999994
55.580999999999996
23.990499999999997
137.9905
118.99049999999998
99.9905
42.9905
18.2905
38.2405
256.981
23.990499999999997
219.6905
26.8405
52.4905
194.9905
33.4905
22.0905
