90.4905
71.4905
242.9715
266.7215
1870.562
42.9905
52.4905
229.67149999999998
108.07149999999999
55.3405
85.981
57.2405
98.33099999999999
38.2405
118.99049999999998
14.490499999999999
19.240499999999997
28.740499999999997
118.99049999999998
52.4905
26.8405
23.990499999999997
61.9905
25.890499999999996
61.9905
172.44299999999998
42.9905
90.97149999999999
33.4905
93.58099999999999
76.2405
1334.9904999999999
23.990499999999997
38.2405
574.0405
149.631
23.990499999999997
42.9905
66.981
23.990499999999997
195.231
42.9905
346.9905
28.740499999999997
99.9905
131.581
42.0405
38.2405
28.740499999999997
133.481
47.980999999999995
80.9905
61.9905
123.981
23.990499999999997
21.1405
21.1405
33.4905
289.9905
19.240499999999997
18.2905
33.4905
33.4905
28.740499999999997
99.9905
39.1905
61.9905
147.4905
109.4905
31.5905
42.9905
66.981
152.2405
52.4905
42.9905
31.5905
22.0905
36.3405
26.8405
11.6405
28.740499999999997
19.240499999999997
29.690499999999997
23.990499999999997
116.381
19.240499999999997
80.9905
61.9905
176.231
16.3905
61.9905
71.4905
194.9905
21.1405
40.1405
38.2405
199.981
479.9905
384.9905
133.481
90.4905
492.8215
19.240499999999997
104.7405
40.1405
437.481
33.4905
18.2905
23.040499999999998
20.1905
19.240499999999997
47.7405
100.231
135.15249999999997
26.8405
598.981
30.640499999999996
32.540499999999994
80.9905
14.490499999999999
28.740499999999997
138.4715
61.9905
66.981
19.240499999999997
38.2405
84.08099999999999
23.990499999999997
137.762
578.081
242.4905
99.9905
970.443
71.4905
137.9905
80.9905
209.481
33.4905
131.82150000000001
43.230999999999995
23.990499999999997
175.9905
62.230999999999995
147.4905
479.9905
38.2405
76.2405
185.4905
97.14049999999999
185.4905
26.8405
1255.924
23.990499999999997
166.4905
33.4905
21.1405
118.99049999999998
270.9905
21.1405
201.65249999999997
109.731
54.63099999999999
17.3405
37.2905
33.4905
494.96199999999993
82.66199999999999
32.540499999999994
232.281
109.4905
71.4905
80.9905
286.443
33.4905
52.4905
228.481
36.3405
118.99049999999998
