20.1905
19.240499999999997
28.740499999999997
33.4905
137.9905
36.3405
52.4905
82.89049999999999
147.4905
118.99049999999998
57.480999999999995
56.531
28.740499999999997
147.4905
100.47149999999999
180.981
28.740499999999997
40.381
26.8405
96.67149999999998
28.740499999999997
147.731
52.4905
80.9905
28.740499999999997
59.38099999999999
156.9905
42.9905
33.4905
318.4905
71.4905
85.7405
631.9905
41.0905
241.56449999999998
52.4905
14.490499999999999
603.731
42.9905
33.4905
128.4905
161.981
318.4905
33.4905
186.212
33.4905
33.4905
33.4905
229.44299999999998
67.69049999999999
26.8405
33.4905
109.4905
874.481
335.5905
44.8905
80.5215
71.4905
327.0525
40.1405
28.980999999999998
613.0025
118.99049999999998
31.5905
42.0405
318.4905
63.181
41.0905
99.9905
46.080999999999996
23.040499999999998
33.4905
99.9905
23.990499999999997
61.9905
61.9905
118.99049999999998
