71.731
22.0905
28.740499999999997
61.9905
23.990499999999997
23.040499999999998
31.5905
176.231
44.8905
52.4905
28.740499999999997
106.412
142.981
175.9905
28.740499999999997
52.730999999999995
137.9905
33.4905
23.040499999999998
27.790499999999998
137.9905
118.99049999999998
424.674
27.790499999999998
33.4905
36.3405
33.4905
23.990499999999997
18.2905
23.990499999999997
14.490499999999999
14.490499999999999
66.981
28.740499999999997
42.9905
27.790499999999998
19.240499999999997
42.9905
28.740499999999997
156.9905
156.9905
38.2405
954.9905
33.4905
489.4905
19.240499999999997
605.631
16.3905
33.4905
23.990499999999997
17.3405
119.231
23.040499999999998
23.990499999999997
98.33099999999999
19.240499999999997
76.481
115.431
109.4905
68.1715
58.431000000000004
212.331
26.8405
63.181
175.9905
33.4905
19.240499999999997
44.8905
47.7405
736.731
142.981
38.2405
115.44299999999998
30.640499999999996
131.8215
63.181
26.8405
140.8525
28.740499999999997
19.240499999999997
61.9905
351.981
36.3405
270.9905
44.8905
33.4905
47.980999999999995
19.240499999999997
58.431
85.981
30.640499999999996
28.740499999999997
856.443
118.99049999999998
123.981
