175.9905
156.9905
61.9905
33.4905
14.490499999999999
44.8905
31.5905
425.143
33.4905
349.14300000000003
80.9905
28.740499999999997
50.5905
99.9905
23.040499999999998
36.3405
32.540499999999994
44.8905
78.381
171.481
1544.9524999999999
21.1405
44.8905
29.690499999999997
23.990499999999997
81.231
23.990499999999997
42.0405
33.4905
35.390499999999996
86.943
23.990499999999997
33.4905
859.9905
23.990499999999997
73.631
23.040499999999998
118.99049999999998
33.4905
22.0905
51.78099999999999
118.99049999999998
14.490499999999999
108.31199999999998
54.3905
109.4905
76.481
26.8405
30.640499999999996
282.3905
99.9905
33.4905
825.1049999999999
133.2405
128.4905
42.0405
42.9905
100.231
276.943
33.4905
33.4905
14.490499999999999
47.7405
22.0905
66.03099999999999
44.8905
38.2405
16.3905
42.9905
304.2405
52.4905
77.6715
71.4905
33.4905
279.5525
