47.7405
22.0905
90.4905
133.481
27.790499999999998
42.9905
22.0905
38.2405
33.4905
399.962
36.580999999999996
118.99049999999998
23.990499999999997
1153.0715
42.9905
266.481
23.990499999999997
45.8405
111.40249999999999
59.140499999999996
95.72149999999999
57.480999999999995
55.580999999999996
17.3405
209.7215
25.890499999999996
180.981
50.5905
118.0405
127.781
42.9905
19.240499999999997
23.990499999999997
1051.181
43.230999999999995
61.9905
99.9905
128.4905
71.4905
18.2905
85.981
66.981
51.78099999999999
17.3405
31.5905
261.731
266.2405
442.4715
32.781
384.9905
30.640499999999996
261.4905
82.181
61.9905
28.740499999999997
152.2405
156.9905
47.980999999999995
54.162
33.4905
66.981
33.4905
152.481
194.9905
109.4905
