57.2405
99.9905
42.9905
1049.9904999999999
156.9905
38.2405
685.4429999999999
57.2405
28.740499999999997
80.9905
33.730999999999995
31.5905
984.4525
63.181
28.740499999999997
47.7405
23.990499999999997
185.4905
52.730999999999995
26.8405
32.540499999999994
20.1905
176.231
18.2905
256.981
47.980999999999995
23.990499999999997
50.5905
52.730999999999995
52.4905
118.99049999999998
266.481
57.2405
103.562
156.9905
118.99049999999998
42.9905
1135.4904999999999
22.0905
45.8405
77.6715
17.3405
33.4905
31.5905
25.890499999999996
152.7215
128.4905
114.24049999999998
56.2905
26.8405
19.240499999999997
57.72149999999999
80.9905
1762.4904999999999
23.990499999999997
119.71199999999999
28.740499999999997
42.9905
85.981
126.362
99.9905
439.86199999999997
56.531
52.4905
627.962
13.5405
175.9905
33.4905
213.9905
38.2405
118.99049999999998
342.481
646.481
218.7405
71.97149999999999
622.4905
335.13349999999997
209.2405
42.9905
42.9905
156.9905
20.1905
799.924
80.9905
52.4905
26.8405
199.981
80.9905
57.2405
31.5905
23.990499999999997
16.3905
52.021499999999996
109.4905
23.990499999999997
109.4905
19.240499999999997
66.7405
40.1405
57.480999999999995
41.330999999999996
61.9905
21.1405
76.481
117.33099999999999
52.4905
289.9905
19.240499999999997
211.62149999999997
821.9905
28.740499999999997
126.362
137.9905
76.72149999999999
22.0905
