80.9905
33.4905
147.4905
770.943
61.9905
118.99049999999998
479.9905
52.4905
17.3405
22.0905
52.4905
38.2405
1144.9904999999999
100.47149999999999
77.19049999999999
33.4905
33.4905
19.240499999999997
28.740499999999997
80.9905
19.240499999999997
190.481
959.981
33.4905
223.4905
118.28099999999999
218.981
271.231
23.040499999999998
83.3715
26.8405
17.3405
38.480999999999995
287.87399999999997
26.8405
23.990499999999997
88.59049999999999
80.9905
47.7405
23.990499999999997
97.14049999999999
99.9905
106.881
31.5905
28.740499999999997
109.4905
82.4215
42.0405
261.4905
19.240499999999997
123.512
394.50250000000005
103.3215
49.171499999999995
147.4905
33.4905
240.6145
152.2405
38.2405
