36.3405
85.7405
28.740499999999997
22.0905
1358.7404999999999
477.1525
57.2405
47.980999999999995
69.362
23.990499999999997
117.33099999999999
80.9905
50.830999999999996
47.7405
42.9905
129.4525
98.57149999999999
15.4405
29.690499999999997
23.990499999999997
468.60249999999996
240.831
28.740499999999997
68.1715
81.231
52.4905
69.1215
59.140499999999996
80.9905
341.7715
52.4905
33.4905
27.790499999999998
218.7405
28.740499999999997
38.2405
60.330999999999996
109.02149999999999
670.4715
38.2405
90.4905
779.2405
38.2405
19.240499999999997
53.681
18.2905
33.4905
470.4905
