147.4905
90.4905
71.731
38.2405
873.7835
38.2405
288.10249999999996
247.7215
42.9905
22.0905
99.9905
66.981
42.281
14.490499999999999
261.4905
260.312
19.240499999999997
47.980999999999995
3169.4644999999996
27.790499999999998
62.230999999999995
90.4905
23.990499999999997
99.9905
38.2405
104.981
19.240499999999997
23.040499999999998
180.993
99.9905
51.78099999999999
31.5905
42.0405
33.4905
175.9905
100.47149999999999
61.9905
59.381
222.78099999999998
23.990499999999997
34.681
22.0905
271.4715
102.3715
137.9905
17.3405
23.040499999999998
3322.8955
38.2405
57.2405
141.56199999999998
233.231
79.33099999999999
153.19050000000001
194.0405
52.4905
56.2905
15.4405
33.4905
23.990499999999997
859.9905
17.3405
256.981
85.981
200.462
166.4905
1339.981
287.405
237.98099999999997
41.0905
33.4905
47.980999999999995
230.1405
478.5715
118.99049999999998
26.8405
53.681
270.9905
202.5905
25.890499999999996
61.28099999999999
17.3405
32.540499999999994
18.2905
61.28099999999999
289.9905
71.4905
20.1905
23.990499999999997
28.980999999999998
118.99049999999998
39.681
33.4905
28.740499999999997
66.7405
541.981
123.981
45.8405
308.9905
38.2405
636.512
70.5405
188.11199999999997
59.140499999999996
570.962
802.9905
156.9905
26.8405
1209.6025
80.9905
230.6215
71.4905
38.2405
19.240499999999997
266.962
61.9905
137.9905
47.7405
112.58099999999999
42.9905
23.990499999999997
337.4905
23.990499999999997
57.2405
44.8905
33.730999999999995
23.990499999999997
