18.2905
66.981
109.4905
28.740499999999997
42.9905
27.790499999999998
873.531
66.981
166.4905
38.2405
33.4905
28.740499999999997
19.240499999999997
262.693
61.9905
44.8905
175.9905
51.78099999999999
38.2405
99.9905
42.9905
859.9905
28.740499999999997
22.0905
52.730999999999995
52.4905
44.8905
90.4905
90.4905
33.4905
44.8905
23.990499999999997
47.7405
30.640499999999996
21.1405
33.4905
55.580999999999996
157.4715
128.4905
42.0405
110.9215
44.8905
23.040499999999998
28.740499999999997
28.740499999999997
42.9905
326.0905
23.990499999999997
33.4905
86.22149999999999
38.2405
66.7405
76.2405
717.4905
384.9905
17.3405
81.94049999999999
20.1905
28.740499999999997
31.5905
26.8405
61.9905
42.0405
42.9905
52.4905
94.77149999999999
42.9905
57.72149999999999
118.99049999999998
42.9905
41.0905
42.9905
484.981
22.0905
109.4905
4977.338499999999
124.69049999999999
44.8905
536.9905
95.481
100.231
114.24049999999998
27.790499999999998
55.580999999999996
57.480999999999995
138.243
114.481
106.17150000000001
80.9905
34.681
79.33099999999999
57.2405
36.3405
93.58099999999999
33.4905
26.8405
44.8905
846.2215
116.381
25.890499999999996
194.9905
