175.9905
1283.943
118.99049999999998
447.2215
52.4905
75.53099999999999
33.4905
128.4905
30.640499999999996
27.790499999999998
479.9905
1905.712
52.4905
125.1715
52.4905
278.84299999999996
95.72149999999999
109.4905
20.1905
73.631
423.4715
38.2405
161.2835
122.08099999999999
109.4905
73.631
42.0405
23.040499999999998
80.9905
265.7715
128.4905
42.9905
105.931
23.990499999999997
62.230999999999995
22.0905
85.7405
71.4905
33.4905
295.2215
57.2405
200.462
53.681
148.92149999999998
137.9905
23.990499999999997
99.9905
16.3905
432.4905
16.3905
19.240499999999997
194.9905
52.4905
28.740499999999997
43.230999999999995
55.580999999999996
156.9905
36.3405
42.9905
57.480999999999995
118.99049999999998
541.981
