36.3405
41.0905
268.62149999999997
33.4905
61.28099999999999
44.181
31.5905
14.490499999999999
22.0905
147.4905
104.981
18.2905
116.381
23.990499999999997
118.99049999999998
42.9905
28.740499999999997
38.2405
289.9905
66.2715
28.740499999999997
28.740499999999997
237.98099999999997
38.480999999999995
81.231
42.9905
47.980999999999995
28.740499999999997
56.2905
237.512
19.240499999999997
19.240499999999997
22.0905
38.2405
29.690499999999997
61.52149999999999
71.4905
98.33099999999999
280.9715
71.4905
25.890499999999996
10.6905
57.480999999999995
28.740499999999997
418.962
33.4905
674.981
71.4905
20.1905
25.890499999999996
97.14049999999999
46.080999999999996
42.9905
78.381
574.9905
24.940499999999997
38.2405
100.47149999999999
21.1405
31.5905
42.9905
44.181
441.9905
489.9715
194.9905
28.740499999999997
33.4905
33.4905
128.4905
61.9905
36.3405
45.8405
25.890499999999996
859.9905
71.4905
126.362
66.981
42.28099999999999
61.9905
28.740499999999997
1367.7714999999998
47.980999999999995
